ROUGE scores for model: t5_small
ROUGE-1: 0.37099469661668416
ROUGE-2: 0.1546002659487457
ROUGE-L: 0.24286620179499863
