ROUGE scores for model: t5_efficient_mini
ROUGE-1: 0.2468637438315375
ROUGE-2: 0.05877491136500258
ROUGE-L: 0.15537015213839767
