ROUGE scores for model: t5_small_finetuned
ROUGE-1: 0.3862081747462096
ROUGE-2: 0.1678682721324621
ROUGE-L: 0.25375539221607096
