ROUGE scores for model: t5_efficient_mini_finetuned
ROUGE-1: 0.33339251720255003
ROUGE-2: 0.12926086407832538
ROUGE-L: 0.20629928800447497
